i:0.0858796227111358
mi:0.0708871275586322
u:0.067330855266803
bu:0.0517793242776849
ni:0.0389190124451199
su:0.0375025133243374
e:0.0338209573031318
so:0.0287906664093485
me:0.0267413120169362
lu:0.0264994155149716
ʃi:0.0238971558465118
mu:0.0224855393210612
se:0.0229038651521193
ko:0.0203911944910025
no:0.0182551836149785
ku:0.0183650683081779
na:0.0178345217912943
ma:0.0153152898445995
sa:0.0145887655942424
a:0.0137312462129795
ju:0.0146738095603005
lo:0.0131442916110566
bo:0.0136891085761205
mo:0.0128491597664126
jo:0.0124134236071496
wu:0.012299405923789
he:0.0106069197185928
ʃa:0.0105233713410184
si:0.0110892384794197
ke:0.0103741908417828
ʃu:0.0102746551441486
to:0.0100391234825409
le:0.00967113816163227
hi:0.00858609454267943
be:0.00876879540022786
ta:0.00808519947538266
li:0.00856649197238858
wi:0.0074179927995609
ka:0.00784663101291927
ha:0.00765968811777104
ba:0.00684811834942134
je:0.00719399264883483
bi:0.00716545246743269
ʃo:0.00676951393383607
ja:0.00607177249086024
ji:0.00641417004960689
tu:0.00622740627807208
o:0.0058704868982295
ti:0.00567680146291474
wa:0.00528005607440123
wo:0.00528414440806831
pe:0.00456066890866576
la:0.0049863471551271
ɲi:0.00434018874836155
we:0.00454660567172214
ki:0.00440038348641766
ɲa:0.00394647203275827
pi:0.00375346691186418
te:0.00400127794062168
hu:0.00385879737415273
pu:0.0035267295760785
ne:0.00325538694420203
nu:0.00308859776437197
ʃe:0.00275319421748377
po:0.00285913868255576
ɲu:0.00276432068320496
ɲo:0.00255077549695521
ɲe:0.00267069753873279
ho:0.00238038652103772
pa:0.00245728274404558