mi:0.0867572028550355
ki:0.0717647077025319
ma:0.0682084354107027
i:0.0526569044215846
ka:0.0397965925890196
mu:0.0383800934682371
a:0.0346985374470315
ji:0.0296682465532482
ku:0.0276188921608359
pi:0.0273769956588713
ja:0.0247747359904115
pa:0.0233631194649609
ju:0.023781445296019
pu:0.0212687746349022
u:0.0191327637588782
ni:0.0192426484520776
na:0.018712101935194
si:0.0161928699884992
sa:0.0154663457381421
nu:0.0146088263568792
ti:0.0155513897042002
ta:0.0140218717549563
su:0.0145666887200202
mo:0.0137267399103123
me:0.0132910037510493
tu:0.0131769860676887
ko:0.0114844998624925
ke:0.0114009514849181
li:0.0119668186233194
la:0.0112517709856825
jo:0.0111522352880483
je:0.0109167036264406
po:0.010548718305532
pe:0.00946367468657912
lu:0.00964637554412755
no:0.00896277961928235
ne:0.00944407211628827
so:0.00829557294346059
se:0.00872421115681897
to:0.00853726826167073
te:0.00772569849332103
o:0.00807157279273453
e:0.00804303261133238
lo:0.00764709407773576
le:0.00694935263475993
ʃi:0.00729175019350658
ʃa:0.00710498642197178
ʃu:0.00674806704212919
vi:0.00655438160681444
va:0.00615763621830092
vu:0.006161724551968
ʃo:0.00543824905256545
ʃe:0.00586392729902679
vo:0.00521776889226125
ve:0.00542418581562183
